0.52 1.0282 -5.9692 1 -2.093 -0.9516 7.4615 1
0.8963 -0.8198 -70.65 1 -0.461 0.8508 -18.6962 1
0.6108 -1.0397 -82.1538 1 -0.5976 -1.0267 -84.2846 1
1.072 -1.0154 -83.2741 1 -1.1198 -1.0065 -83.6599 1
1.7011 -1.0269 -58.4603 1 -1.736 -1.0937 -137.9365 1
0.5237 -0.9906 -169.2857 1 -0.5112 -1.0425 -199.4464 1
0.5758 0.8628 -54.9065 1 -0.896 -0.8668 -39.2846 1
2.2873 -0.7459 -28.5224 1 -2.2368 -0.8662 -36.5224 1
1.7088 -0.7647 -90.4688 1 -1.7308 -0.6685 14.2188 1
1.7764 -0.9698 -102.0576 1 -1.8246 -0.9087 -78.1655 1
0.6332 0.8202 -59.4683 1 -1.7451 -0.8245 -70.4098 1
0.5695 0.8694 -128 1 -1.6515 -0.8024 -42.9643 1
1.41 -0.7904 -72.8562 1 -0.5867 0.8995 -125.7712 1
1.8482 -0.7822 -46.8727 1 -0.4883 0.8766 -16.5356 1
1.7437 -0.7599 4.1057 1 -1.7646 -0.9131 -71.0163 1
1.0301 -1.0859 -107.2422 1 -0.9866 -1.1502 -151.3851 1