0.580952	0.87619	-61	1	-0.752381	-0.809524	2	1
0.566038	0.858491	-58	1	-0.754717	-0.811321	-2	1
0.575472	0.858491	-60	1	-0.745283	-0.811321	-2	1
0.571429	0.87619	-62	1	-0.771429	-0.809524	-2	1
0.576923	0.894231	-66	1	-0.778846	-0.798077	-8	1
0.582524	0.92233	-65	1	-0.786408	-0.786408	-7	1
0.592233	0.912621	-62	1	-0.786408	-0.805825	-7	1
0.586538	0.894231	-62	1	-0.778846	-0.817308	-9	1
0.592233	0.912621	-62	1	-0.805825	-0.815534	-11	1
0.586538	0.903846	-63	1	-0.836538	-0.807692	-14	1
0.586538	0.903846	-60	1	-0.865385	-0.807692	-17	1
0.576923	0.913462	-60	1	-0.951923	-0.788462	-21	1
0.576923	0.913462	-59	1	-1.00962	-0.798077	-24	1
0.586538	0.903846	-59	1	-1.05769	-0.798077	-24	1
0.586538	0.903846	-60	1	-1.125	-0.817308	-26	1
0.592233	0.912621	-61	1	-1.19417	-0.815534	-29	1
0.601942	0.912621	-66	1	-1.23301	-0.805825	-31	1
0.605769	0.884615	-67	1	-1.29808	-0.807692	-34	1
0.615385	0.894231	-69	1	-1.38462	-0.798077	-37	1
0.6	0.87619	-67	1	-1.41905	-0.8	-39	1
0.609524	0.87619	-72	1	-1.47619	-0.790476	-43	1
0.621359	0.902913	-75	1	-1.5534	-0.786408	-41	1
0.621359	0.902913	-76	1	-1.60194	-0.728155	-41	1
0.609524	0.857143	-74	1	-1.64762	-0.72381	-41	1
0.609524	0.847619	-74	1	-1.70476	-0.742857	-42	1
0.625	0.875	-76	1	-1.79808	-0.730769	-42	1
0.619048	0.857143	-75	1	-1.85714	-0.733333	-38	1
0.640777	0.902913	-79	1	-1.92233	-0.708738	-37	1
0.644231	0.903846	-78	1	-1.92308	-0.701923	-33	1
0.634615	0.894231	-77	1	-1.93269	-0.692308	-34	1
0.640777	0.912621	-76	1	-1.96117	-0.708738	-33	1
0.640777	0.912621	-74	1	-1.97087	-0.708738	-33	1
0.640777	0.912621	-73	1	-1.97087	-0.708738	-32	1
0.640777	0.902913	-72	1	-1.96117	-0.708738	-31	1
0.647059	0.931373	-69	1	-1.97059	-0.715686	-35	1
0.656863	0.921569	-72	1	-1.96078	-0.72549	-38	1
0.656863	0.921569	-73	1	-1.96078	-0.735294	-39	1
0.656863	0.921569	-72	1	-1.98039	-0.745098	-47	1
0.647059	0.911765	-70	1	-1.97059	-0.754902	-45	1
0.647059	0.911765	-70	1	-1.96078	-0.764706	-47	1
0.607843	0.921569	-64	1	-0.764706	-0.803922	-13	1
0.6	0.87619	-63	1	-0.742857	-0.8	-10	1
0.609524	0.866667	-61	1	-0.733333	-0.790476	-10	1
0.603774	0.858491	-62	1	-0.745283	-0.792453	-10	1
0.625	0.884615	-64	1	-0.75	-0.798077	-13	1
0.631068	0.902913	-64	1	-0.76699	-0.805825	-19	1
0.625	0.894231	-61	1	-0.769231	-0.798077	-18	1
0.619048	0.87619	-60	1	-0.8	-0.809524	-15	1
0.619048	0.866667	-62	1	-0.819048	-0.819048	-17	1
0.619048	0.866667	-62	1	-0.857143	-0.819048	-20	1
0.619048	0.866667	-63	1	-0.933333	-0.819048	-24	1
0.613208	0.858491	-64	1	-0.981132	-0.839623	-33	1
0.613208	0.858491	-65	1	-1.04717	-0.849057	-37	1
0.613208	0.858491	-67	1	-1.11321	-0.858491	-40	1
0.619048	0.87619	-66	1	-1.21905	-0.866667	-47	1
0.625	0.884615	-68	1	-1.33654	-0.884615	-55	1
0.631068	0.902913	-69	1	-1.41748	-0.912621	-63	1
0.631068	0.902913	-70	1	-1.49515	-0.92233	-70	1
0.631068	0.902913	-69	1	-1.5534	-0.932039	-72	1
0.625	0.884615	-68	1	-1.59615	-0.951923	-73	1
0.640777	0.873786	-67	1	-1.64078	-0.951456	-76	1
0.640777	0.883495	-70	1	-1.70874	-0.932039	-81	1
0.640777	0.893204	-72	1	-1.78641	-0.932039	-80	1
0.644231	0.884615	-76	1	-1.82692	-0.932692	-81	1
0.653846	0.875	-73	1	-1.86538	-0.932692	-79	1
0.660194	0.893204	-73	1	-1.90291	-0.912621	-77	1
0.650485	0.893204	-71	1	-1.93204	-0.902913	-78	1
0.650485	0.893204	-69	1	-1.92233	-0.883495	-76	1
0.656863	0.911765	-67	1	-1.94118	-0.882353	-79	1
0.669903	0.893204	-67	1	-1.93204	-0.883495	-80	1
0.660194	0.912621	-64	1	-1.92233	-0.873786	-82	1
0.644231	0.894231	-60	1	-1.89423	-0.875	-84	1
0.650485	0.912621	-61	1	-1.91262	-0.873786	-84	1
0.644231	0.894231	-56	1	-1.89423	-0.875	-82	1
0.644231	0.884615	-62	1	-1.89423	-0.875	-85	1
0.660194	0.902913	-62	1	-1.93204	-0.883495	-89	1
0.660194	0.893204	-63	1	-1.94175	-0.893204	-90	1
0.660194	0.893204	-65	1	-1.95146	-0.893204	-90	1
0.650485	0.902913	-61	1	-1.96117	-0.902913	-82	1
0.660194	0.893204	-61	1	-1.97087	-0.902913	-88	1
0.625	0.884615	-59	1	-0.711538	-0.730769	-31	1
0.625	0.903846	-58	1	-0.721154	-0.721154	-29	1
0.631068	0.912621	-59	1	-0.718447	-0.728155	-30	1
0.621359	0.912621	-56	1	-0.708738	-0.728155	-31	1
0.631068	0.912621	-58	1	-0.728155	-0.728155	-30	1
0.625	0.894231	-58	1	-0.721154	-0.730769	-31	1
0.625	0.894231	-57	1	-0.740385	-0.730769	-31	1
0.625	0.884615	-58	1	-0.75	-0.75	-34	1
0.619048	0.866667	-58	1	-0.790476	-0.752381	-33	1
0.613208	0.858491	-60	1	-0.858491	-0.745283	-41	1
0.613208	0.858491	-61	1	-0.933962	-0.745283	-45	1
0.625	0.894231	-62	1	-1.00962	-0.740385	-50	1
0.619048	0.885714	-63	1	-1.09524	-0.752381	-58	1
0.625	0.903846	-64	1	-1.18269	-0.759615	-64	1
0.631068	0.92233	-64	1	-1.26214	-0.757282	-68	1
0.615385	0.903846	-62	1	-1.31731	-0.769231	-72	1
0.631068	0.92233	-64	1	-1.38835	-0.76699	-77	1
0.640777	0.92233	-64	1	-1.43689	-0.76699	-75	1
0.631068	0.92233	-64	1	-1.47573	-0.737864	-78	1
0.647059	0.931373	-64	1	-1.53922	-0.745098	-78	1
0.640777	0.92233	-66	1	-1.54369	-0.718447	-77	1
0.650485	0.883495	-68	1	-1.62136	-0.737864	-78	1
0.650485	0.873786	-70	1	-1.70874	-0.757282	-80	1
0.660194	0.864078	-73	1	-1.81553	-0.747573	-83	1
0.660194	0.854369	-75	1	-1.8835	-0.76699	-81	1
0.660194	0.854369	-75	1	-1.94175	-0.757282	-79	1
0.660194	0.864078	-76	1	-1.96117	-0.737864	-69	1
0.660194	0.864078	-76	1	-1.98058	-0.737864	-68	1
0.669903	0.854369	-73	1	-1.98058	-0.747573	-66	1
0.676471	0.862745	-71	1	-2.0098	-0.745098	-64	1
0.669903	0.864078	-70	1	-1.99029	-0.737864	-69	1
0.669903	0.864078	-67	1	-1.99029	-0.737864	-68	1
0.676471	0.882353	-68	1	-2.0098	-0.745098	-70	1
0.676471	0.892157	-69	1	-2.0098	-0.754902	-74	1
0.669903	0.864078	-69	1	-1.99029	-0.757282	-76	1
0.666667	0.892157	-69	1	-2.01961	-0.764706	-79	1
0.653846	0.855769	-69	1	-1.98077	-0.778846	-78	1
0.660194	0.883495	-69	1	-1.99029	-0.776699	-83	1
0.650485	0.902913	-70	1	-2	-0.76699	-85	1
0.650485	0.893204	-71	1	-1.99029	-0.776699	-85	1
0.619048	0.857143	-64	1	-0.67619	-0.742857	-35	1
0.619048	0.857143	-64	1	-0.67619	-0.733333	-35	1
0.613208	0.849057	-66	1	-0.669811	-0.726415	-35	1
0.613208	0.849057	-64	1	-0.660377	-0.726415	-33	1
0.619048	0.857143	-63	1	-0.67619	-0.733333	-32	1
0.619048	0.857143	-63	1	-0.67619	-0.742857	-33	1
0.613208	0.849057	-61	1	-0.679245	-0.735849	-33	1
0.613208	0.849057	-61	1	-0.688679	-0.735849	-31	1
0.625	0.875	-62	1	-0.692308	-0.740385	-29	1
0.619048	0.857143	-62	1	-0.685714	-0.742857	-28	1
0.619048	0.857143	-61	1	-0.685714	-0.742857	-33	1
0.619048	0.857143	-62	1	-0.695238	-0.742857	-32	1
0.613208	0.849057	-62	1	-0.688679	-0.735849	-34	1
0.613208	0.839623	-63	1	-0.698113	-0.735849	-38	1
0.619048	0.857143	-62	1	-0.733333	-0.733333	-40	1
0.625	0.865385	-63	1	-0.759615	-0.740385	-42	1
0.619048	0.857143	-64	1	-0.8	-0.72381	-52	1
0.613208	0.849057	-66	1	-0.849057	-0.735849	-55	1
0.625	0.884615	-65	1	-0.932692	-0.75	-60	1
0.625	0.875	-67	1	-1.03846	-0.769231	-66	1
0.625	0.884615	-70	1	-1.125	-0.778846	-74	1
0.625	0.875	-69	1	-1.23077	-0.798077	-78	1
0.625	0.875	-68	1	-1.32692	-0.807692	-82	1
0.619048	0.866667	-68	1	-1.37143	-0.819048	-84	1
0.628571	0.857143	-69	1	-1.40952	-0.809524	-86	1
0.634615	0.875	-68	1	-1.5	-0.826923	-89	1
0.650485	0.893204	-69	1	-1.53398	-0.834951	-93	1
0.656863	0.911765	-71	1	-1.60784	-0.843137	-92	1
0.676471	0.882353	-74	1	-1.67647	-0.852941	-93	1
0.669903	0.854369	-74	1	-1.73786	-0.873786	-92	1
0.673077	0.836538	-74	1	-1.75	-0.865385	-88	1
0.666667	0.819048	-73	1	-1.8	-0.828571	-80	1
0.682692	0.817308	-74	1	-1.86538	-0.817308	-78	1
0.673077	0.817308	-76	1	-1.90385	-0.798077	-71	1
0.68932	0.834951	-74	1	-1.93204	-0.796117	-64	1
0.699029	0.834951	-74	1	-1.95146	-0.786408	-58	1
0.682692	0.807692	-68	1	-1.95192	-0.788462	-52	1
0.67619	0.790476	-68	1	-1.93333	-0.790476	-50	1
0.685714	0.790476	-67	1	-1.94286	-0.790476	-50	1
0.685714	0.790476	-66	1	-1.93333	-0.790476	-47	1
0.530973	0.902655	-104	1	-0.752212	-0.752212	-16	1
0.530973	0.911504	-103	1	-0.734513	-0.761062	-18	1
0.522124	0.902655	-102	1	-0.743363	-0.778761	-17	1
0.522124	0.911504	-103	1	-0.734513	-0.769912	-17	1
0.522124	0.911504	-103	1	-0.743363	-0.778761	-18	1
0.530973	0.902655	-102	1	-0.743363	-0.787611	-18	1
0.544643	0.910714	-103	1	-0.732143	-0.794643	-16	1
0.539823	0.911504	-103	1	-0.743363	-0.778761	-20	1
0.539823	0.920354	-104	1	-0.761062	-0.769912	-24	1
0.535088	0.912281	-102	1	-0.789474	-0.763158	-22	1
0.522124	0.920354	-100	1	-0.849558	-0.778761	-25	1
0.526786	0.928571	-100	1	-0.919643	-0.794643	-28	1
0.535714	0.919643	-104	1	-0.991071	-0.8125	-27	1
0.535714	0.883929	-108	1	-1.03571	-0.839286	-23	1
0.540541	0.882883	-109	1	-1.09009	-0.855856	-24	1
0.535714	0.857143	-110	1	-1.14286	-0.857143	-25	1
0.540541	0.864865	-114	1	-1.18919	-0.864865	-24	1
0.540541	0.855856	-119	1	-1.24324	-0.873874	-32	1
0.544643	0.839286	-123	1	-1.28571	-0.866071	-35	1
0.553571	0.848214	-124	1	-1.32143	-0.857143	-35	1
0.558559	0.864865	-126	1	-1.3964	-0.855856	-33	1
0.54955	0.864865	-125	1	-1.44144	-0.864865	-32	1
0.558559	0.864865	-123	1	-1.47748	-0.855856	-32	1
0.563636	0.881818	-121	1	-1.55455	-0.836364	-30	1
0.54955	0.864865	-116	1	-1.59459	-0.828829	-29	1
0.558559	0.855856	-114	1	-1.63964	-0.837838	-29	1
0.558559	0.855856	-111	1	-1.65766	-0.846847	-29	1
0.567568	0.864865	-111	1	-1.67568	-0.855856	-34	1
0.581818	0.863636	-108	1	-1.7	-0.863636	-32	1
0.576577	0.846847	-105	1	-1.69369	-0.873874	-29	1
0.566372	0.831858	-104	1	-1.65487	-0.849558	-33	1
0.571429	0.848214	-106	1	-1.66071	-0.848214	-33	1
0.571429	0.839286	-97	1	-1.66964	-0.857143	-34	1
0.580357	0.830357	-98	1	-1.66964	-0.866071	-33	1
0.580357	0.830357	-100	1	-1.67857	-0.866071	-34	1
0.580357	0.830357	-105	1	-1.67857	-0.875	-39	1
0.585586	0.837838	-109	1	-1.69369	-0.855856	-42	1
0.567568	0.846847	-112	1	-1.69369	-0.864865	-41	1
0.5625	0.839286	-116	1	-1.67857	-0.866071	-43	1
0.553571	0.848214	-113	1	-1.6875	-0.857143	-42	1
0.540541	0.873874	-126	1	-0.855856	-0.711712	-22	1
0.54955	0.864865	-123	1	-0.864865	-0.720721	-20	1
0.54955	0.855856	-125	1	-0.837838	-0.72973	-19	1
0.540541	0.864865	-126	1	-0.81982	-0.738739	-16	1
0.535714	0.857143	-127	1	-0.803571	-0.732143	-18	1
0.540541	0.873874	-126	1	-0.837838	-0.72973	-21	1
0.54955	0.873874	-125	1	-0.882883	-0.711712	-22	1
0.536364	0.881818	-124	1	-0.945455	-0.736364	-24	1
0.545455	0.872727	-125	1	-1.02727	-0.763636	-32	1
0.554545	0.872727	-126	1	-1.1	-0.763636	-39	1
0.558559	0.864865	-129	1	-1.1982	-0.765766	-46	1
0.572727	0.872727	-132	1	-1.26364	-0.763636	-51	1
0.572727	0.863636	-134	1	-1.33636	-0.781818	-51	1
0.577982	0.87156	-137	1	-1.40367	-0.798165	-51	1
0.572727	0.863636	-138	1	-1.45455	-0.781818	-52	1
0.581818	0.872727	-140	1	-1.48182	-0.772727	-56	1
0.572727	0.881818	-139	1	-1.54545	-0.754545	-57	1
0.558559	0.873874	-136	1	-1.58559	-0.756757	-59	1
0.54955	0.873874	-134	1	-1.63964	-0.738739	-56	1
0.545455	0.881818	-134	1	-1.69091	-0.736364	-55	1
0.559633	0.880734	-129	1	-1.74312	-0.715596	-49	1
0.559633	0.880734	-128	1	-1.77064	-0.715596	-48	1
0.559633	0.889908	-129	1	-1.77982	-0.697248	-48	1
0.545455	0.872727	-128	1	-1.77273	-0.7	-47	1
0.558559	0.864865	-124	1	-1.76577	-0.693694	-50	1
0.563636	0.872727	-124	1	-1.78182	-0.690909	-51	1
0.572727	0.872727	-124	1	-1.78182	-0.681818	-54	1
0.572727	0.863636	-125	1	-1.8	-0.690909	-53	1
0.572727	0.872727	-127	1	-1.8	-0.690909	-54	1
0.572727	0.872727	-126	1	-1.8	-0.681818	-55	1
0.572727	0.872727	-127	1	-1.79091	-0.681818	-55	1
0.567568	0.873874	-128	1	-1.77477	-0.666667	-60	1
0.558559	0.882883	-130	1	-1.77477	-0.666667	-61	1
0.567568	0.882883	-130	1	-1.77477	-0.675676	-59	1
0.554545	0.890909	-131	1	-1.79091	-0.681818	-61	1
0.558559	0.873874	-132	1	-1.76577	-0.693694	-63	1
0.563636	0.881818	-130	1	-1.78182	-0.690909	-62	1
0.563636	0.872727	-131	1	-1.78182	-0.690909	-62	1
0.563636	0.881818	-132	1	-1.78182	-0.690909	-64	1
0.563636	0.872727	-130	1	-1.8	-0.709091	-64	1
0.553571	0.848214	-126	1	-0.848214	-0.705357	-40	1
0.553571	0.848214	-126	1	-0.839286	-0.705357	-40	1
0.553571	0.848214	-127	1	-0.830357	-0.705357	-40	1
0.553571	0.857143	-129	1	-0.821429	-0.705357	-43	1
0.567568	0.864865	-129	1	-0.837838	-0.702703	-48	1
0.5625	0.848214	-129	1	-0.830357	-0.705357	-46	1
0.5625	0.857143	-130	1	-0.848214	-0.696429	-46	1
0.571429	0.857143	-129	1	-0.919643	-0.723214	-38	1
0.571429	0.857143	-130	1	-0.991071	-0.741071	-33	1
0.585586	0.873874	-128	1	-1.09009	-0.774775	-31	1
0.594595	0.873874	-128	1	-1.18018	-0.810811	-31	1
0.609091	0.881818	-129	1	-1.3	-0.836364	-33	1
0.609091	0.890909	-131	1	-1.38182	-0.845455	-32	1
0.603604	0.873874	-136	1	-1.43243	-0.855856	-30	1
0.585586	0.864865	-142	1	-1.48649	-0.864865	-26	1
0.590909	0.863636	-144	1	-1.53636	-0.890909	-23	1
0.587156	0.87156	-148	1	-1.6055	-0.899083	-20	1
0.590909	0.863636	-148	1	-1.63636	-0.872727	-22	1
0.576577	0.855856	-147	1	-1.67568	-0.846847	-22	1
0.577982	0.880734	-146	1	-1.74312	-0.844037	-19	1
0.590909	0.872727	-145	1	-1.74545	-0.827273	-21	1
0.581818	0.881818	-142	1	-1.76364	-0.845455	-25	1
0.572727	0.890909	-143	1	-1.77273	-0.836364	-30	1
0.581818	0.890909	-143	1	-1.78182	-0.845455	-35	1
0.572727	0.890909	-137	1	-1.8	-0.836364	-38	1
0.572727	0.872727	-136	1	-1.8	-0.845455	-40	1
0.581818	0.872727	-134	1	-1.8	-0.845455	-42	1
0.581818	0.890909	-134	1	-1.80909	-0.827273	-46	1
0.572727	0.872727	-133	1	-1.80909	-0.845455	-49	1
0.587156	0.880734	-132	1	-1.81651	-0.853211	-47	1
0.572727	0.890909	-135	1	-1.8	-0.827273	-51	1
0.572727	0.881818	-134	1	-1.8	-0.836364	-52	1
0.558559	0.873874	-136	1	-1.78378	-0.828829	-55	1
0.563636	0.881818	-135	1	-1.8	-0.836364	-54	1
0.563636	0.881818	-136	1	-1.8	-0.836364	-53	1
0.563636	0.881818	-137	1	-1.8	-0.836364	-54	1
0.572727	0.881818	-134	1	-1.80909	-0.836364	-51	1
0.572727	0.881818	-134	1	-1.80909	-0.845455	-49	1
0.563636	0.881818	-136	1	-1.8	-0.845455	-48	1
0.554545	0.881818	-139	1	-1.8	-0.854545	-48	1
0.577982	0.972477	-37	1	-0.87156	-0.788991	-44	1
0.577982	0.972477	-38	1	-0.880734	-0.779817	-44	1
0.568807	0.972477	-38	1	-0.889908	-0.779817	-43	1
0.563636	0.972727	-40	1	-0.890909	-0.763636	-46	1
0.563636	0.981818	-39	1	-0.890909	-0.763636	-46	1
0.563636	0.981818	-41	1	-0.881818	-0.763636	-45	1
0.558559	0.963964	-43	1	-0.873874	-0.756757	-48	1
0.567568	0.963964	-43	1	-0.864865	-0.756757	-49	1
0.572727	0.963636	-42	1	-0.872727	-0.781818	-47	1
0.567568	0.963964	-42	1	-0.855856	-0.765766	-47	1
0.567568	0.963964	-42	1	-0.846847	-0.774775	-50	1
0.576577	0.954955	-40	1	-0.846847	-0.783784	-48	1
0.567568	0.954955	-40	1	-0.846847	-0.783784	-46	1
0.567568	0.954955	-42	1	-0.882883	-0.774775	-54	1
0.567568	0.954955	-43	1	-0.918919	-0.783784	-60	1
0.567568	0.945946	-46	1	-0.981982	-0.783784	-63	1
0.558559	0.945946	-47	1	-1.04505	-0.774775	-61	1
0.544643	0.9375	-50	1	-1.10714	-0.776786	-65	1
0.544643	0.9375	-53	1	-1.15179	-0.794643	-65	1
0.540541	0.945946	-57	1	-1.23423	-0.81982	-71	1
0.54955	0.945946	-59	1	-1.27027	-0.828829	-77	1
0.54955	0.945946	-60	1	-1.33333	-0.837838	-80	1
0.558559	0.954955	-62	1	-1.37838	-0.837838	-82	1
0.558559	0.945946	-62	1	-1.42342	-0.846847	-83	1
0.572727	0.963636	-61	1	-1.48182	-0.836364	-82	1
0.567568	0.936937	-61	1	-1.51351	-0.837838	-82	1
0.590909	0.9	-62	1	-1.56364	-0.836364	-83	1
0.581818	0.918182	-66	1	-1.6	-0.836364	-87	1
0.585586	0.873874	-66	1	-1.63964	-0.81982	-93	1
0.594595	0.846847	-65	1	-1.7027	-0.828829	-96	1
0.623853	0.862385	-68	1	-1.77982	-0.853211	-100	1
0.623853	0.862385	-70	1	-1.81651	-0.834862	-101	1
0.633027	0.862385	-71	1	-1.83486	-0.807339	-104	1
0.633027	0.862385	-70	1	-1.83486	-0.788991	-106	1
0.651376	0.853211	-66	1	-1.83486	-0.798165	-112	1
0.627273	0.881818	-64	1	-1.82727	-0.781818	-114	1
0.614679	0.917431	-63	1	-1.84404	-0.788991	-113	1
0.59633	0.944954	-60	1	-1.84404	-0.798165	-109	1
0.59633	0.944954	-60	1	-1.84404	-0.798165	-107	1
0.605505	0.954128	-60	1	-1.83486	-0.816514	-109	1
0.4	1.06316	67	1	-0.736842	-1.23158	-30	1
0.410526	1.06316	68	1	-0.736842	-1.26316	-31	1
0.404255	1.07447	69	1	-0.776596	-1.26596	-33	1
0.404255	1.07447	68	1	-0.797872	-1.26596	-30	1
0.4	1.06316	67	1	-0.789474	-1.26316	-31	1
0.395833	1.05208	66	1	-0.791667	-1.25	-29	1
0.4	1.06316	65	1	-0.810526	-1.26316	-29	1
0.4	1.06316	66	1	-0.810526	-1.26316	-29	1
0.410526	1.06316	64	1	-0.8	-1.25263	-29	1
0.410526	1.06316	63	1	-0.821053	-1.26316	-31	1
0.410526	1.06316	62	1	-0.863158	-1.17895	-35	1
0.410526	1.07368	62	1	-0.926316	-1.18947	-40	1
0.421053	1.06316	59	1	-1	-1.15789	-40	1
0.421053	1.07368	58	1	-1.06316	-1.14737	-37	1
0.430108	1.09677	59	1	-1.2043	-1.15054	-33	1
0.425532	1.08511	57	1	-1.30851	-1.20213	-32	1
0.425532	1.08511	55	1	-1.40426	-1.19149	-32	1
0.427083	1.05208	52	1	-1.47917	-1.14583	-25	1
0.42268	1.04124	50	1	-1.59794	-1.16495	-22	1
0.42268	1.05155	51	1	-1.6701	-1.13402	-18	1
0.428571	1.04082	48	1	-1.76531	-1.16327	-9	1
0.424242	1.0202	47	1	-1.83838	-1.21212	2	1
0.424242	1.0202	44	1	-1.91919	-1.22222	13	1
0.424242	1.0202	42	1	-1.9798	-1.20202	21	1
0.42	1.01	45	1	-2.02	-1.16	27	1
0.424242	1.0303	44	1	-2.07071	-1.13131	35	1
0.424242	1.0202	44	1	-2.10101	-1.11111	42	1
0.428571	1.04082	44	1	-2.13265	-1.11224	56	1
0.424242	1.0202	45	1	-2.12121	-1.07071	55	1
0.424242	1.0303	41	1	-2.13131	-1.06061	59	1
0.434343	1.0202	43	1	-2.13131	-1.06061	60	1
0.424242	1.0202	44	1	-2.12121	-1.05051	59	1
0.424242	1.0303	42	1	-2.12121	-1.0404	57	1
0.43	1.01	42	1	-2.12	-1.02	54	1
0.405941	0.990099	46	1	-2.12871	-0.970297	47	1
0.41	1.01	44	1	-2.16	-0.97	51	1
0.41	1.01	42	1	-2.14	-0.98	51	1
0.41	1.01	43	1	-2.15	-0.98	53	1
0.41	1.01	43	1	-2.16	-0.96	52	1
0.414141	1.0202	43	1	-2.18182	-0.949495	51	1
0.568627	1.03922	-37	1	-0.970588	-1.15686	-60	1
0.568627	1.03922	-37	1	-0.980392	-1.14706	-57	1
0.568627	1.03922	-36	1	-0.970588	-1.14706	-57	1
0.563107	1.01942	-37	1	-0.970874	-1.14563	-56	1
0.572816	1.01942	-36	1	-0.961165	-1.14563	-55	1
0.572816	1.01942	-35	1	-0.961165	-1.14563	-53	1
0.572816	1.01942	-35	1	-0.961165	-1.14563	-54	1
0.578431	1.03922	-35	1	-0.970588	-1.15686	-52	1
0.578431	1.03922	-35	1	-0.980392	-1.15686	-51	1
0.578431	1.03922	-36	1	-0.990196	-1.04902	-48	1
0.572816	1.02913	-35	1	-1.00971	-1.06796	-49	1
0.572816	1.01942	-36	1	-1.06796	-1.09709	-47	1
0.578431	1.03922	-35	1	-1.13725	-1.13725	-44	1
0.578431	1.03922	-34	1	-1.22549	-1.14706	-41	1
0.578431	1.03922	-34	1	-1.29412	-1.14706	-40	1
0.584158	1.0495	-33	1	-1.37624	-1.15842	-40	1
0.578431	1.03922	-33	1	-1.46078	-1.14706	-39	1
0.578431	1.04902	-35	1	-1.53922	-1.12745	-39	1
0.578431	1.03922	-34	1	-1.63725	-1.11765	-34	1
0.594059	1.0495	-34	1	-1.70297	-1.10891	-30	1
0.588235	1.03922	-36	1	-1.7549	-1.08824	-28	1
0.594059	1.0495	-36	1	-1.84158	-1.07921	-26	1
0.578431	1.03922	-37	1	-1.88235	-1.04902	-22	1
0.578431	1.03922	-36	1	-1.93137	-1.03922	-19	1
0.578431	1.03922	-35	1	-1.98039	-1.03922	-17	1
0.578431	1.02941	-35	1	-2.01961	-1.02941	-14	1
0.584158	1.0396	-36	1	-2.09901	-1.0099	-11	1
0.578431	1.03922	-34	1	-2.11765	-0.970588	-10	1
0.578431	1.02941	-32	1	-2.13725	-0.95098	-9	1
0.578431	1.01961	-31	1	-2.15686	-0.95098	-9	1
0.594059	1.0396	-32	1	-2.18812	-0.950495	-11	1
0.588235	1.0098	-31	1	-2.17647	-0.931373	-9	1
0.588235	1.01961	-31	1	-2.17647	-0.931373	-10	1
0.588235	1.02941	-30	1	-2.17647	-0.892157	-13	1
0.578431	1.0098	-28	1	-2.20588	-0.892157	-12	1
0.588235	1.02941	-29	1	-2.22549	-0.872549	-11	1
0.588235	1.01961	-28	1	-2.23529	-0.872549	-12	1
0.588235	1.01961	-28	1	-2.2451	-0.862745	-11	1
0.594059	1.0396	-29	1	-2.27723	-0.881188	-9	1
0.584158	1.0495	-29	1	-2.27723	-0.871287	-6	1
0.588235	1.03922	-29	1	-0.921569	-1.13725	-43	1
0.588235	1.04902	-31	1	-0.941176	-1.13725	-44	1
0.578431	1.04902	-32	1	-0.970588	-1.14706	-43	1
0.568627	1.03922	-32	1	-0.980392	-1.13725	-41	1
0.578431	1.03922	-34	1	-0.990196	-1.13725	-42	1
0.563107	1.01942	-32	1	-1.02913	-1.14563	-39	1
0.568627	1.03922	-35	1	-1.06863	-1.15686	-41	1
0.563107	1.02913	-37	1	-1.09709	-1.15534	-42	1
0.568627	1.03922	-37	1	-1.16667	-1.16667	-36	1
0.568627	1.03922	-40	1	-1.18627	-1.16667	-40	1
0.558824	1.03922	-41	1	-1.21569	-1.16667	-39	1
0.558824	1.03922	-41	1	-1.27451	-1.08824	-38	1
0.568627	1.03922	-42	1	-1.33333	-1.08824	-42	1
0.568627	1.03922	-41	1	-1.42157	-1.11765	-44	1
0.568627	1.02941	-39	1	-1.53922	-1.13725	-42	1
0.574257	1.0495	-41	1	-1.64356	-1.13861	-41	1
0.574257	1.0495	-41	1	-1.73267	-1.12871	-38	1
0.568627	1.03922	-41	1	-1.80392	-1.09804	-30	1
0.568627	1.03922	-41	1	-1.88235	-1.05882	-24	1
0.568627	1.03922	-40	1	-1.93137	-1.05882	-19	1
0.568627	1.02941	-41	1	-1.9902	-1.01961	-15	1
0.558824	1.02941	-40	1	-2.05882	-0.990196	-11	1
0.568627	1.03922	-40	1	-2.09804	-0.95098	-7	1
0.578431	1.03922	-38	1	-2.14706	-0.911765	0	1
0.572816	1.01942	-38	1	-2.15534	-0.864078	5	1
0.568627	1.03922	-40	1	-2.20588	-0.813725	8	1
0.572816	1.01942	-40	1	-2.19417	-0.776699	11	1
0.578431	1.03922	-41	1	-2.2451	-0.764706	8	1
0.568627	1.03922	-40	1	-2.2549	-0.745098	11	1
0.572816	1.01942	-39	1	-2.2233	-0.728155	10	1
0.572816	1.01942	-41	1	-2.23301	-0.718447	5	1
0.578431	1.02941	-39	1	-2.2549	-0.735294	6	1
0.563107	1.01942	-40	1	-2.25243	-0.708738	5	1
0.563107	1.01942	-39	1	-2.26214	-0.699029	3	1
0.568627	1.01961	-37	1	-2.28431	-0.705882	3	1
0.568627	1.02941	-37	1	-2.28431	-0.715686	-1	1
0.578431	1.03922	-39	1	-2.28431	-0.696078	-3	1
0.578431	1.02941	-39	1	-2.28431	-0.676471	-1	1
0.572816	1.00971	-37	1	-2.27184	-0.68932	-2	1
0.582524	1.01942	-39	1	-2.25243	-0.68932	-5	1
0.680672	0.756303	-37	1	-0.672269	-0.705882	-91	1
0.680672	0.764706	-38	1	-0.672269	-0.722689	-90	1
0.680672	0.764706	-38	1	-0.672269	-0.722689	-90	1
0.672269	0.764706	-36	1	-0.672269	-0.739496	-92	1
0.683333	0.775	-37	1	-0.666667	-0.741667	-93	1
0.677686	0.768595	-37	1	-0.694215	-0.68595	-91	1
0.661157	0.77686	-40	1	-0.719008	-0.735537	-90	1
0.661157	0.768595	-40	1	-0.68595	-0.578512	-82	1
0.669421	0.768595	-39	1	-0.727273	-0.570248	-87	1
0.672131	0.745902	-39	1	-0.844262	-0.770492	-100	1
0.647541	0.754098	-40	1	-0.918033	-0.778689	-112	1
0.663934	0.770492	-37	1	-0.934426	-0.786885	-112	1
0.652893	0.768595	-32	1	-1.03306	-0.818182	-115	1
0.675	0.758333	-37	1	-1.09167	-0.825	-120	1
0.677686	0.752066	-38	1	-1.13223	-0.834711	-123	1
0.68595	0.743802	-37	1	-1.2314	-0.85124	-128	1
0.655738	0.754098	-42	1	-1.27869	-0.844262	-127	1
0.677686	0.760331	-39	1	-1.3719	-0.85124	-120	1
0.666667	0.739837	-45	1	-1.39837	-0.837398	-123	1
0.672131	0.754098	-38	1	-1.5082	-0.852459	-114	1
0.672131	0.754098	-34	1	-1.54918	-0.836066	-112	1
0.672131	0.762295	-32	1	-1.64754	-0.827869	-104	1
0.672131	0.754098	-29	1	-1.66393	-0.811475	-103	1
0.669421	0.793388	-38	1	-1.76033	-0.809917	-98	1
0.677686	0.77686	-30	1	-1.78512	-0.801653	-93	1
0.68595	0.768595	-36	1	-1.77686	-0.801653	-96	1
0.7	0.775	-31	1	-1.85	-0.8	-91	1
0.691667	0.783333	-29	1	-1.9	-0.791667	-89	1
0.7	0.775	-26	1	-1.89167	-0.766667	-92	1
0.7	0.766667	-27	1	-1.9	-0.8	-88	1
0.702479	0.735537	-32	1	-1.90083	-0.760331	-90	1
0.696721	0.713115	-34	1	-1.92623	-0.737705	-86	1
0.710744	0.743802	-33	1	-1.96694	-0.727273	-85	1
0.722689	0.781513	-33	1	-1.97479	-0.705882	-87	1
0.708333	0.766667	-30	1	-1.95	-0.733333	-86	1
0.708333	0.775	-27	1	-1.95833	-0.708333	-85	1
0.714286	0.773109	-18	1	-1.96639	-0.680672	-81	1
0.714286	0.773109	-24	1	-2	-0.722689	-84	1
0.711864	0.779661	-24	1	-1.99153	-0.711864	-83	1
0.711864	0.779661	-19	1	-2.01695	-0.720339	-82	1
0.686441	0.813559	-55	1	-0.686441	-0.669492	-49	1
0.686441	0.813559	-57	1	-0.686441	-0.635593	-51	1
0.686441	0.813559	-56	1	-0.70339	-0.59322	-52	1
0.692308	0.820513	-54	1	-0.666667	-0.350427	-8	1
0.686441	0.813559	-50	1	-0.70339	-0.618644	-51	1
0.686441	0.822034	-55	1	-0.652542	-0.398305	-14	1
0.677966	0.822034	-54	1	-0.70339	-0.711864	-51	1
0.669492	0.822034	-56	1	-0.754237	-0.737288	-50	1
0.669492	0.822034	-55	1	-0.779661	-0.745763	-56	1
0.677966	0.813559	-53	1	-0.838983	-0.762712	-59	1
0.675214	0.820513	-51	1	-0.897436	-0.777778	-64	1
0.661017	0.805085	-50	1	-0.923729	-0.771186	-67	1
0.677966	0.805085	-54	1	-1.01695	-0.762712	-72	1
0.683761	0.820513	-54	1	-1.05983	-0.769231	-73	1
0.680672	0.789916	-58	1	-1.14286	-0.781513	-79	1
0.675	0.775	-67	1	-1.15833	-0.783333	-80	1
0.677686	0.768595	-71	1	-1.2314	-0.77686	-83	1
0.683333	0.791667	-67	1	-1.3	-0.783333	-89	1
0.683333	0.783333	-63	1	-1.35833	-0.775	-84	1
0.675	0.8	-60	1	-1.425	-0.791667	-81	1
0.669421	0.785124	-62	1	-1.45455	-0.77686	-84	1
0.663934	0.778689	-63	1	-1.4918	-0.754098	-82	1
0.663934	0.778689	-58	1	-1.57377	-0.754098	-84	1
0.663934	0.778689	-57	1	-1.60656	-0.754098	-84	1
0.642276	0.764228	-52	1	-1.65854	-0.739837	-84	1
0.655738	0.778689	-52	1	-1.68852	-0.729508	-80	1
0.655738	0.786885	-56	1	-1.72131	-0.704918	-83	1
0.650406	0.764228	-57	1	-1.73171	-0.699187	-82	1
0.650406	0.772358	-54	1	-1.81301	-0.707317	-80	1
0.653226	0.758065	-53	1	-1.84677	-0.693548	-71	1
0.653226	0.741935	-55	1	-1.81452	-0.677419	-70	1
0.650406	0.764228	-54	1	-1.86179	-0.682927	-71	1
0.661157	0.809917	-49	1	-1.91736	-0.661157	-69	1
0.655738	0.778689	-47	1	-1.90164	-0.639344	-65	1
0.663934	0.762295	-45	1	-1.93443	-0.639344	-69	1
0.663934	0.762295	-46	1	-1.93443	-0.622951	-70	1
0.666667	0.756098	-45	1	-1.94309	-0.626016	-66	1
0.663934	0.770492	-45	1	-1.95902	-0.655738	-71	1
0.677686	0.793388	-42	1	-1.95868	-0.652893	-69	1
0.677686	0.785124	-42	1	-1.93388	-0.619835	-68	1
0.5625	0.539062	-43	1	-0.742188	-1.07812	-4	1
0.55814	0.527132	-43	1	-0.736434	-1.08527	-4	1
0.565891	0.51938	-42	1	-0.744186	-1.09302	-4	1
0.55814	0.527132	-44	1	-0.75969	-1.08527	-6	1
0.550388	0.527132	-42	1	-0.767442	-1.08527	-2	1
0.550388	0.527132	-40	1	-0.775194	-1.09302	-1	1
0.550388	0.527132	-41	1	-0.790698	-1.10078	-5	1
0.554688	0.53125	-40	1	-0.8125	-1.11719	-2	1
0.550388	0.51938	-41	1	-0.829457	-1.12403	-4	1
0.550388	0.51938	-43	1	-0.860465	-1.12403	-10	1
0.538462	0.507692	-40	1	-0.884615	-1.12308	-11	1
0.542636	0.51938	-41	1	-0.922481	-1.11628	-15	1
0.542636	0.51938	-42	1	-0.976744	-1.10853	-17	1
0.527132	0.51938	-42	1	-1.02326	-1.11628	-23	1
0.527132	0.527132	-42	1	-1.07752	-1.09302	-27	1
0.539062	0.539062	-42	1	-1.125	-1.09375	-31	1
0.539062	0.539062	-44	1	-1.17188	-1.09375	-33	1
0.554688	0.539062	-44	1	-1.23438	-1.07812	-37	1
0.546875	0.539062	-44	1	-1.28906	-1.07812	-38	1
0.546875	0.53125	-43	1	-1.32812	-1.07031	-40	1
0.554688	0.546875	-45	1	-1.375	-1.0625	-41	1
0.546875	0.546875	-44	1	-1.4375	-1.04688	-39	1
0.546875	0.546875	-45	1	-1.49219	-1.03906	-41	1
0.546875	0.546875	-43	1	-1.52344	-1.03906	-41	1
0.546875	0.546875	-45	1	-1.57812	-1.03125	-42	1
0.5625	0.554688	-47	1	-1.59375	-1	-44	1
0.578125	0.546875	-47	1	-1.61719	-1	-43	1
0.582677	0.551181	-48	1	-1.65354	-1.00787	-43	1
0.590551	0.543307	-46	1	-1.70079	-0.992126	-42	1
0.578125	0.53125	-46	1	-1.72656	-0.984375	-41	1
0.585938	0.539062	-47	1	-1.77344	-0.976562	-42	1
0.578125	0.539062	-46	1	-1.8125	-0.953125	-41	1
0.59375	0.523438	-44	1	-1.83594	-0.945312	-40	1
0.589147	0.511628	-43	1	-1.85271	-0.930233	-40	1
0.601562	0.515625	-41	1	-1.88281	-0.921875	-35	1
0.59375	0.507812	-40	1	-1.91406	-0.898438	-31	1
0.59375	0.507812	-39	1	-1.9375	-0.882812	-29	1
0.589147	0.503876	-41	1	-1.93798	-0.875969	-30	1
0.573643	0.511628	-43	1	-1.96124	-0.875969	-27	1
0.576923	0.507692	-42	1	-1.94615	-0.869231	-26	1
0.545455	0.734848	-71	1	-0.727273	-0.825758	-30	1
0.545455	0.734848	-71	1	-0.734848	-0.825758	-31	1
0.537879	0.734848	-71	1	-0.734848	-0.833333	-31	1
0.537879	0.734848	-70	1	-0.734848	-0.825758	-32	1
0.537879	0.734848	-71	1	-0.734848	-0.825758	-33	1
0.537879	0.734848	-73	1	-0.734848	-0.833333	-35	1
0.549618	0.748092	-71	1	-0.740458	-0.839695	-32	1
0.545455	0.734848	-72	1	-0.742424	-0.833333	-33	1
0.545455	0.742424	-72	1	-0.727273	-0.825758	-33	1
0.545455	0.742424	-72	1	-0.742424	-0.833333	-33	1
0.545455	0.734848	-74	1	-0.742424	-0.840909	-32	1
0.537879	0.734848	-73	1	-0.757576	-0.848485	-31	1
0.537879	0.734848	-74	1	-0.787879	-0.848485	-30	1
0.533835	0.729323	-74	1	-0.819549	-0.857143	-31	1
0.526316	0.729323	-73	1	-0.87218	-0.857143	-33	1
0.526316	0.729323	-74	1	-0.917293	-0.857143	-37	1
0.537879	0.742424	-74	1	-0.969697	-0.856061	-37	1
0.530303	0.742424	-76	1	-1.03788	-0.863636	-43	1
0.530303	0.742424	-76	1	-1.09091	-0.863636	-47	1
0.530303	0.742424	-77	1	-1.12879	-0.856061	-50	1
0.530303	0.734848	-78	1	-1.18939	-0.848485	-56	1
0.530303	0.734848	-79	1	-1.23485	-0.856061	-58	1
0.533835	0.721804	-79	1	-1.28571	-0.849624	-61	1
0.526316	0.721804	-79	1	-1.33083	-0.842105	-62	1
0.533835	0.721804	-82	1	-1.38346	-0.842105	-64	1
0.533835	0.721804	-82	1	-1.43609	-0.834586	-65	1
0.526316	0.721804	-82	1	-1.47368	-0.842105	-68	1
0.533835	0.729323	-83	1	-1.5188	-0.827068	-70	1
0.541353	0.729323	-84	1	-1.54135	-0.81203	-71	1
0.541353	0.729323	-83	1	-1.57895	-0.819549	-71	1
0.545455	0.734848	-84	1	-1.63636	-0.818182	-73	1
0.55303	0.734848	-86	1	-1.67424	-0.818182	-73	1
0.560606	0.742424	-85	1	-1.70455	-0.810606	-72	1
0.572519	0.755725	-84	1	-1.75573	-0.801527	-70	1
0.587786	0.755725	-83	1	-1.77863	-0.793893	-72	1
0.587786	0.755725	-82	1	-1.78626	-0.778626	-72	1
0.59542	0.748092	-81	1	-1.80153	-0.778626	-69	1
0.59542	0.748092	-79	1	-1.82443	-0.770992	-69	1
0.603053	0.748092	-76	1	-1.83969	-0.770992	-69	1
0.610687	0.732824	-74	1	-1.8626	-0.770992	-70	1