1.696	-0.76	1	1	-1.712	-0.752	-95	1
1.704	-0.76	-4	1	-1.712	-0.76	-93	1
1.69048	-0.761905	-6	1	-1.69841	-0.753968	-94	1
1.712	-0.76	-4	1	-1.712	-0.752	-96	1
1.712	-0.76	3	1	-1.728	-0.744	-94	1
1.712	-0.76	-2	1	-1.728	-0.752	-99	1
1.69841	-0.769841	-15	1	-1.69841	-0.753968	-100	1
1.6746	-0.785714	-16	1	-1.70635	-0.769841	-102	1
1.67717	-0.779528	-15	1	-1.69291	-0.779528	-102	1
1.66142	-0.850394	-26	1	-1.66142	-0.834646	-119	1
1.65354	-0.874016	-35	1	-1.62205	-0.858268	-114	1
1.64286	-0.904762	-38	1	-1.61111	-0.896825	-119	1
1.55556	-0.984127	-57	1	-1.52381	-0.968254	-131	1
1.48031	-1.00787	-63	1	-1.41732	-1	-138	1
1.40945	-1.01575	-66	1	-1.37008	-1.0315	-142	1
1.30709	-1.09449	-80	1	-1.20472	-1.04724	-142	1
1.23622	-1.11024	-84	1	-1.11811	-1.04724	-141	1
1.14062	-1.10156	-87	1	-1.03906	-1.0625	-142	1
1.00787	-1.11024	-90	1	-0.905512	-1.05512	-139	1
0.952756	-1.11811	-91	1	-0.834646	-1.03937	-134	1
0.889764	-1.12598	-91	1	-0.779528	-1.03937	-128	1
0.755906	-1.10236	-81	1	-0.685039	-1.03937	-121	1
0.671875	-1.09375	-78	1	-0.601562	-1.03125	-118	1
0.616	-1.08	-64	1	-0.56	-1.048	-115	1
0.52	-1.04	-47	1	-0.496	-1.024	-95	1
0.484127	-1.01587	-45	1	-0.460317	-1.03968	-91	1
0.456693	-1.01575	-38	1	-0.440945	-0.992126	-85	1
0.433071	-0.976378	-27	1	-0.417323	-1.02362	-80	1
0.4375	-0.992188	-30	1	-0.390625	-0.984375	-82	1
0.445312	-1.00781	-29	1	-0.390625	-0.984375	-84	1
0.4375	-1	-31	1	-0.40625	-0.992188	-78	1
0.460938	-0.960938	-34	1	-0.421875	-0.992188	-80	1
0.457364	-0.945736	-33	1	-0.418605	-0.968992	-76	1
0.460938	-0.953125	-33	1	-0.414062	-1.00781	-76	1
0.453125	-0.945312	-31	1	-0.414062	-0.96875	-77	1
0.46875	-0.984375	-30	1	-0.414062	-0.992188	-70	1
0.46875	-0.984375	-30	1	-0.398438	-0.976562	-72	1
0.453125	-1	-28	1	-0.398438	-0.992188	-75	1
0.465116	-0.984496	-26	1	-0.403101	-0.984496	-70	1
0.457364	-1.00775	-29	1	-0.410853	-0.984496	-72	1
1.86777	-0.950413	6	1	-1.81818	-1.15702	-99	1
1.86777	-0.958678	0	1	-1.81818	-1.1405	-99	1
1.87603	-0.966942	3	1	-1.82645	-1.13223	-101	1
1.87603	-0.966942	0	1	-1.81818	-1.13223	-101	1
1.87603	-0.975207	-2	1	-1.83471	-1.1405	-100	1
1.86066	-0.97541	-4	1	-1.83607	-1.14754	-102	1
1.86066	-0.97541	-4	1	-1.83607	-1.14754	-104	1
1.87603	-0.983471	-2	1	-1.85124	-1.16529	-103	1
1.87603	-0.983471	1	1	-1.83471	-1.17355	-103	1
1.8595	-0.983471	0	1	-1.81818	-1.19008	-104	1
1.85124	-0.991736	1	1	-1.80992	-1.19008	-103	1
1.83471	-1.00826	-5	1	-1.79339	-1.21488	-106	1
1.81967	-1.03279	-12	1	-1.72951	-1.2377	-111	1
1.81818	-1.06612	-16	1	-1.70248	-1.28099	-118	1
1.79339	-1.10744	-24	1	-1.64463	-1.33058	-127	1
1.75207	-1.1405	-29	1	-1.58678	-1.3719	-134	1
1.68033	-1.19672	-39	1	-1.4918	-1.43443	-143	1
1.64463	-1.2314	-48	1	-1.42149	-1.4876	-154	1
1.55738	-1.2623	-55	1	-1.30328	-1.54098	-162	1
1.51639	-1.30328	-65	1	-1.19672	-1.57377	-173	1
1.45902	-1.34426	-73	1	-1.13934	-1.60656	-176	1
1.38843	-1.38843	-84	1	-1	-1.63636	-181	1
1.29752	-1.42149	-91	1	-0.900826	-1.6281	-175	1
1.20661	-1.40496	-90	1	-0.818182	-1.6281	-174	1
1.1	-1.375	-81	1	-0.7	-1.59167	-161	1
1	-1.35	-76	1	-0.633333	-1.51667	-145	1
0.883333	-1.34167	-73	1	-0.583333	-1.36667	-117	1
0.791667	-1.33333	-71	1	-0.541667	-1.275	-100	1
0.725	-1.31667	-65	1	-0.508333	-1.225	-88	1
0.644628	-1.28926	-59	1	-0.454545	-1.2314	-76	1
0.595041	-1.26446	-54	1	-0.446281	-1.20661	-69	1
0.570248	-1.2562	-49	1	-0.404959	-1.2314	-63	1
0.53719	-1.23967	-48	1	-0.421488	-1.20661	-61	1
0.53719	-1.2314	-48	1	-0.396694	-1.22314	-58	1
0.53719	-1.22314	-48	1	-0.396694	-1.19835	-60	1
0.53719	-1.22314	-48	1	-0.380165	-1.22314	-58	1
0.528926	-1.22314	-48	1	-0.413223	-1.17355	-56	1
0.528926	-1.21488	-47	1	-0.404959	-1.18182	-55	1
0.528926	-1.21488	-48	1	-0.38843	-1.21488	-57	1
0.525	-1.225	-46	1	-0.416667	-1.19167	-56	1
1.80992	-1.06612	-30	1	-1.84298	-1.15702	-127	1
1.80992	-1.06612	-32	1	-1.84298	-1.16529	-129	1
1.81818	-1.06612	-34	1	-1.85124	-1.16529	-129	1
1.80992	-1.05785	-37	1	-1.85124	-1.16529	-130	1
1.80992	-1.05785	-40	1	-1.85124	-1.16529	-131	1
1.80992	-1.05785	-44	1	-1.85124	-1.16529	-133	1
1.80992	-1.05785	-43	1	-1.83471	-1.18182	-132	1
1.79508	-1.04918	-42	1	-1.81967	-1.17213	-132	1
1.79508	-1.04918	-43	1	-1.81967	-1.17213	-131	1
1.80992	-1.05785	-41	1	-1.83471	-1.18182	-131	1
1.79508	-1.05738	-41	1	-1.81148	-1.18033	-133	1
1.79508	-1.05738	-37	1	-1.79508	-1.20492	-131	1
1.80992	-1.07438	-41	1	-1.79339	-1.2314	-132	1
1.79339	-1.10744	-43	1	-1.73554	-1.27273	-140	1
1.7541	-1.11475	-45	1	-1.68033	-1.29508	-144	1
1.73554	-1.12397	-46	1	-1.66116	-1.32231	-149	1
1.69421	-1.15702	-49	1	-1.58678	-1.38017	-156	1
1.65289	-1.18182	-53	1	-1.53719	-1.42149	-160	1
1.57377	-1.18852	-58	1	-1.45082	-1.45902	-165	1
1.49587	-1.2314	-68	1	-1.36364	-1.52893	-170	1
1.42149	-1.26446	-77	1	-1.27273	-1.58678	-174	1
1.32231	-1.28926	-86	1	-1.13223	-1.61983	-179	1
1.24793	-1.28926	-87	1	-0.983471	-1.64463	-184	1
1.1405	-1.27273	-85	1	-0.867769	-1.57851	-167	1
1.06667	-1.26667	-83	1	-0.783333	-1.55	-158	1
0.991667	-1.26667	-81	1	-0.7	-1.50833	-148	1
0.891667	-1.275	-78	1	-0.641667	-1.39167	-125	1
0.818182	-1.26446	-77	1	-0.595041	-1.28099	-108	1
0.735537	-1.23967	-73	1	-0.53719	-1.22314	-97	1
0.669421	-1.22314	-67	1	-0.504132	-1.19835	-90	1
0.641667	-1.21667	-61	1	-0.466667	-1.19167	-80	1
0.6	-1.21667	-53	1	-0.441667	-1.18333	-72	1
0.570248	-1.2314	-51	1	-0.413223	-1.17355	-68	1
0.561983	-1.19835	-50	1	-0.396694	-1.18182	-67	1
0.545455	-1.22314	-49	1	-0.38843	-1.19008	-66	1
0.545455	-1.19008	-46	1	-0.38843	-1.19008	-64	1
0.53719	-1.20661	-49	1	-0.38843	-1.19008	-64	1
0.528926	-1.20661	-51	1	-0.363636	-1.20661	-64	1
0.533333	-1.225	-50	1	-0.35	-1.23333	-63	1
0.533333	-1.225	-50	1	-0.341667	-1.25	-62	1
1.84167	-1.08333	-32	1	-1.85	-1.275	-135	1
1.84167	-1.08333	-35	1	-1.84167	-1.26667	-132	1
1.84167	-1.06667	-35	1	-1.84167	-1.25833	-130	1
1.84167	-1.06667	-37	1	-1.83333	-1.26667	-132	1
1.84167	-1.06667	-38	1	-1.80833	-1.26667	-131	1
1.84167	-1.06667	-37	1	-1.81667	-1.28333	-131	1
1.84167	-1.06667	-38	1	-1.81667	-1.29167	-132	1
1.84167	-1.05833	-40	1	-1.80833	-1.28333	-134	1
1.84167	-1.05833	-39	1	-1.81667	-1.29167	-133	1
1.81818	-1.06612	-40	1	-1.79339	-1.29752	-134	1
1.83333	-1.06667	-41	1	-1.76667	-1.3	-138	1
1.83333	-1.075	-42	1	-1.73333	-1.31667	-140	1
1.80833	-1.09167	-45	1	-1.7	-1.34167	-145	1
1.8	-1.1	-47	1	-1.66667	-1.36667	-151	1
1.76667	-1.11667	-50	1	-1.61667	-1.40833	-157	1
1.73333	-1.14167	-56	1	-1.575	-1.44167	-162	1
1.68333	-1.175	-60	1	-1.5	-1.49167	-169	1
1.63333	-1.20833	-67	1	-1.41667	-1.53333	-178	1
1.59167	-1.23333	-69	1	-1.35	-1.56667	-184	1
1.51667	-1.275	-80	1	-1.225	-1.61667	-191	1
1.45	-1.30833	-87	1	-1.11667	-1.65	-194	1
1.34167	-1.325	-90	1	-0.975	-1.65833	-193	1
1.27731	-1.34454	-91	1	-0.857143	-1.66387	-191	1
1.18333	-1.31667	-89	1	-0.741667	-1.63333	-188	1
1.09167	-1.3	-80	1	-0.675	-1.54167	-169	1
1.025	-1.29167	-74	1	-0.616667	-1.48333	-155	1
0.933333	-1.30833	-72	1	-0.583333	-1.375	-133	1
0.875	-1.29167	-70	1	-0.541667	-1.30833	-119	1
0.8	-1.29167	-70	1	-0.525	-1.26667	-110	1
0.725	-1.275	-65	1	-0.466667	-1.24167	-103	1
0.675	-1.25833	-59	1	-0.441667	-1.23333	-95	1
0.633333	-1.24167	-56	1	-0.416667	-1.21667	-88	1
0.591667	-1.23333	-53	1	-0.366667	-1.225	-80	1
0.566667	-1.25833	-51	1	-0.341667	-1.25833	-74	1
0.566667	-1.21667	-47	1	-0.35	-1.23333	-75	1
0.55	-1.23333	-46	1	-0.341667	-1.24167	-72	1
0.546219	-1.2521	-47	1	-0.352941	-1.23529	-74	1
0.537815	-1.26891	-47	1	-0.336134	-1.26891	-70	1
0.533333	-1.25833	-46	1	-0.341667	-1.24167	-74	1
0.558333	-1.21667	-43	1	-0.333333	-1.26667	-71	1
1.27419	-0.790323	52	1	-1.33065	-0.806452	1	1
1.272	-0.776	46	1	-1.304	-0.8	3	1
1.264	-0.792	46	1	-1.296	-0.808	-4	1
1.184	-0.824	38	1	-1.264	-0.864	-1	1
1.13492	-0.809524	19	1	-1.21429	-0.873016	-1	1
1.07874	-0.811024	5	1	-1.17323	-0.889764	-11	1
1.04688	-0.820312	-13	1	-1.14062	-0.914062	-19	1
0.984496	-0.875969	-33	1	-1.07752	-0.906977	-29	1
0.945736	-0.883721	-29	1	-1.03876	-0.883721	-39	1
0.883721	-0.906977	-37	1	-0.968992	-0.891473	-60	1
0.837209	-0.906977	-48	1	-0.96124	-0.899225	-64	1
0.773438	-0.90625	-60	1	-0.914062	-0.921875	-76	1
0.765625	-0.914062	-71	1	-0.882812	-0.921875	-81	1
0.736	-0.888	-86	1	-0.832	-0.904	-94	1
0.701613	-0.862903	-88	1	-0.830645	-0.919355	-96	1
0.632	-0.856	-102	1	-0.768	-0.912	-113	1
0.608	-0.856	-105	1	-0.76	-0.928	-123	1
0.543307	-0.874016	-98	1	-0.700787	-0.889764	-135	1
0.507937	-0.857143	-114	1	-0.666667	-0.896825	-144	1
0.456	-0.872	-121	1	-0.568	-0.872	-150	1
0.424	-0.872	-123	1	-0.52	-0.864	-155	1
0.352	-0.864	-129	1	-0.424	-0.864	-165	1
0.349206	-0.880952	-139	1	-0.365079	-0.809524	-175	1
0.352	-0.888	-142	1	-0.344	-0.808	-180	1
0.362903	-0.903226	-141	1	-0.362903	-0.782258	-185	1
0.365854	-0.886179	-148	1	-0.357724	-0.796748	-190	1
0.38843	-0.842975	-147	1	-0.347107	-0.826446	-189	1
0.391667	-0.833333	-151	1	-0.35	-0.85	-192	1
0.396694	-0.793388	-161	1	-0.347107	-0.876033	-195	1
0.404959	-0.809917	-158	1	-0.347107	-0.867769	-193	1
0.406504	-0.821138	-159	1	-0.349593	-0.861789	-199	1
0.418033	-0.795082	-159	1	-0.336066	-0.885246	-194	1
0.404762	-0.801587	-164	1	-0.325397	-0.928571	-187	1
0.4	-0.8	-156	1	-0.328	-0.904	-188	1
0.388889	-0.81746	-158	1	-0.333333	-0.896825	-193	1
0.4	-0.808	-157	1	-0.352	-0.912	-200	1
0.388889	-0.81746	-156	1	-0.349206	-0.873016	-196	1
0.4	-0.832	-159	1	-0.328	-0.88	-192	1
0.392	-0.832	-160	1	-0.344	-0.864	-196	1
0.365079	-0.84127	-159	1	-0.373016	-0.896825	-215	1
1.40909	-0.927273	35	1	-1.41818	-1.08182	-39	1
1.40541	-0.90991	33	1	-1.41441	-1.07207	-39	1
1.43243	-0.882883	30	1	-1.40541	-1.06306	-43	1
1.45045	-0.873874	25	1	-1.42342	-1.05405	-45	1
1.45045	-0.873874	19	1	-1.43243	-1.03604	-53	1
1.47273	-0.881818	11	1	-1.44545	-1.04545	-58	1
1.44144	-0.864865	9	1	-1.42342	-1.03604	-65	1
1.41441	-0.864865	5	1	-1.3964	-1.05405	-73	1
1.36937	-0.891892	2	1	-1.33333	-1.05405	-76	1
1.33333	-0.891892	-3	1	-1.28829	-1.03604	-75	1
1.25	-0.910714	-13	1	-1.22321	-1.02679	-78	1
1.21622	-0.936937	-23	1	-1.17117	-1.05405	-82	1
1.16216	-0.954955	-35	1	-1.10811	-1.07207	-88	1
1.0991	-0.954955	-50	1	-1.05405	-1.09009	-98	1
1.02679	-0.973214	-61	1	-1.00893	-1.09821	-107	1
0.946429	-0.991071	-71	1	-0.946429	-1.09821	-124	1
0.892857	-1	-82	1	-0.910714	-1.09821	-135	1
0.855856	-1.01802	-90	1	-0.864865	-1.10811	-145	1
0.801802	-1.00901	-109	1	-0.801802	-1.09009	-155	1
0.723214	-1.00893	-124	1	-0.741071	-1.08929	-162	1
0.633929	-1	-140	1	-0.678571	-1.08929	-172	1
0.567568	-0.981982	-154	1	-0.603604	-1.07207	-182	1
0.5	-0.955357	-162	1	-0.544643	-1.05357	-190	1
0.446429	-0.955357	-170	1	-0.5	-1.02679	-194	1
0.441441	-0.963964	-172	1	-0.486486	-1.04505	-193	1
0.441441	-0.972973	-174	1	-0.477477	-1.04505	-196	1
0.441441	-0.972973	-176	1	-0.468468	-1.04505	-197	1
0.446429	-0.964286	-177	1	-0.464286	-1.02679	-198	1
0.45045	-0.954955	-179	1	-0.468468	-1.01802	-200	1
0.446429	-0.955357	-177	1	-0.464286	-1.00893	-198	1
0.442478	-0.938053	-179	1	-0.451327	-1	-195	1
0.451327	-0.929204	-182	1	-0.451327	-0.99115	-193	1
0.451327	-0.929204	-182	1	-0.451327	-0.99115	-192	1
0.442478	-0.938053	-180	1	-0.451327	-0.99115	-191	1
0.442478	-0.938053	-183	1	-0.460177	-0.99115	-192	1
0.455357	-0.946429	-180	1	-0.464286	-1.00893	-192	1
0.455357	-0.946429	-181	1	-0.464286	-1.00893	-194	1
0.451327	-0.929204	-182	1	-0.460177	-0.99115	-197	1
0.455357	-0.9375	-183	1	-0.464286	-1	-199	1
0.451327	-0.938053	-185	1	-0.460177	-1	-202	1
1.57895	-0.824561	-51	1	-1.70175	-0.921053	-127	1
1.59292	-0.831858	-51	1	-1.71681	-0.920354	-128	1
1.57018	-0.807018	-47	1	-1.70175	-0.903509	-132	1
1.57018	-0.789474	-44	1	-1.71053	-0.903509	-140	1
1.58407	-0.787611	-41	1	-1.73451	-0.920354	-138	1
1.59292	-0.778761	-34	1	-1.74336	-0.920354	-140	1
1.57895	-0.77193	-35	1	-1.72807	-0.894737	-143	1
1.55263	-0.77193	-36	1	-1.71053	-0.912281	-146	1
1.53982	-0.79646	-45	1	-1.69912	-0.920354	-156	1
1.5	-0.815789	-52	1	-1.64035	-0.947368	-168	1
1.47368	-0.850877	-62	1	-1.60526	-0.973684	-177	1
1.42105	-0.885965	-69	1	-1.52632	-1.00877	-182	1
1.36522	-0.913043	-84	1	-1.44348	-1.03478	-187	1
1.31858	-0.964602	-99	1	-1.38053	-1.0885	-194	1
1.26316	-0.964912	-107	1	-1.30702	-1.09649	-200	1
1.23009	-0.982301	-115	1	-1.24779	-1.11504	-201	1
1.15929	-0.99115	-125	1	-1.18584	-1.12389	-204	1
1.10619	-1	-132	1	-1.12389	-1.14159	-207	1
1.0614	-1.00877	-139	1	-1.0614	-1.14035	-212	1
1.00877	-1.03509	-153	1	-0.982456	-1.05263	-210	1
0.947826	-1.02609	-158	1	-0.921739	-1.05217	-216	1
0.912281	-1.04386	-162	1	-0.903509	-1.09649	-223	1
0.867257	-1.0531	-168	1	-0.858407	-1.12389	-225	1
0.840708	-1.0708	-174	1	-0.823009	-1.04425	-220	1
0.787611	-1.06195	-177	1	-0.787611	-1.0531	-224	1
0.743363	-1.0531	-181	1	-0.734513	-1.0885	-225	1
0.690265	-1.06195	-187	1	-0.690265	-1.13274	-223	1
0.651786	-1.0625	-187	1	-0.669643	-1.15179	-222	1
0.589286	-1.0625	-190	1	-0.616071	-1.14286	-222	1
0.544643	-1.05357	-193	1	-0.553571	-1.13393	-222	1
0.504425	-1.04425	-197	1	-0.513274	-1.12389	-223	1
0.464286	-1.03571	-198	1	-0.473214	-1.13393	-225	1
0.419643	-1.03571	-199	1	-0.4375	-1.13393	-225	1
0.414414	-1.03604	-199	1	-0.396396	-1.13514	-224	1
0.410714	-1.02679	-200	1	-0.375	-1.11607	-222	1
0.401786	-1.02679	-203	1	-0.366071	-1.10714	-224	1
0.428571	-1.02679	-202	1	-0.366071	-1.11607	-225	1
0.436364	-1.04545	-204	1	-0.372727	-1.13636	-224	1
0.4375	-1.03571	-209	1	-0.375	-1.11607	-227	1
0.428571	-1.04464	-206	1	-0.383929	-1.11607	-228	1
1.32203	-0.822034	9	1	-1.40678	-0.915254	-56	1
1.34188	-0.820513	7	1	-1.4188	-0.91453	-56	1
1.35345	-0.836207	6	1	-1.43966	-0.922414	-56	1
1.35897	-0.82906	2	1	-1.4359	-0.923077	-60	1
1.36752	-0.820513	-4	1	-1.4359	-0.931624	-63	1
1.38462	-0.794872	-7	1	-1.45299	-0.931624	-65	1
1.41026	-0.803419	-9	1	-1.47009	-0.931624	-65	1
1.40171	-0.794872	-14	1	-1.46154	-0.931624	-71	1
1.3913	-0.834783	-22	1	-1.46087	-0.965217	-81	1
1.35345	-0.853448	-31	1	-1.40517	-0.982759	-90	1
1.31897	-0.887931	-42	1	-1.37069	-1.00862	-104	1
1.25862	-0.931035	-58	1	-1.31897	-1.01724	-123	1
1.23684	-0.947368	-70	1	-1.2807	-1.04386	-138	1
1.17544	-0.964912	-85	1	-1.2193	-1.07018	-145	1
1.12174	-0.965217	-98	1	-1.15652	-1.07826	-155	1
1.06957	-0.973913	-111	1	-1.09565	-1.09565	-164	1
1.02655	-1.0177	-132	1	-1.04425	-1.10619	-177	1
0.964602	-1.0354	-135	1	-1.00885	-1.11504	-186	1
0.920354	-1.04425	-146	1	-0.955752	-1.11504	-197	1
0.849558	-1.04425	-154	1	-0.902655	-1.12389	-212	1
0.798246	-1.03509	-162	1	-0.833333	-1.12281	-227	1
0.752212	-1.0531	-171	1	-0.79646	-1.12389	-233	1
0.672566	-1.04425	-181	1	-0.734513	-1.13274	-236	1
0.628319	-1.04425	-190	1	-0.672566	-1.15044	-240	1
0.548673	-1.04425	-198	1	-0.60177	-1.14159	-242	1
0.491071	-1.04464	-205	1	-0.526786	-1.14286	-247	1
0.433628	-1.0354	-213	1	-0.451327	-1.11504	-249	1
0.392857	-1.00893	-215	1	-0.366071	-1.08036	-249	1
0.366071	-0.982143	-218	1	-0.3125	-1.04464	-249	1
0.36036	-1	-218	1	-0.288288	-1.06306	-246	1
0.375	-1.02679	-217	1	-0.258929	-1.08036	-242	1
0.369369	-1.04505	-219	1	-0.261261	-1.09009	-243	1
0.375	-1.03571	-219	1	-0.258929	-1.08929	-243	1
0.383929	-1.02679	-220	1	-0.267857	-1.10714	-242	1
0.383929	-1.02679	-220	1	-0.25	-1.11607	-246	1
0.383929	-1.00893	-220	1	-0.25	-1.10714	-247	1
0.375	-1.00893	-220	1	-0.258929	-1.11607	-248	1
0.375	-1	-220	1	-0.267857	-1.11607	-248	1
0.383929	-1	-222	1	-0.267857	-1.10714	-251	1
0.389381	-0.982301	-220	1	-0.247788	-1.09735	-252	1
1.90099	-0.930693	-31	1	-1.9703	-1.0297	-113	1
1.90099	-0.930693	-34	1	-1.9604	-1.0198	-113	1
1.89216	-0.921569	-32	1	-1.93137	-1.0098	-112	1
1.89216	-0.911765	-32	1	-1.93137	-1	-113	1
1.91089	-0.910891	-32	1	-1.9505	-1	-114	1
1.90099	-0.920792	-37	1	-1.9604	-1.0099	-114	1
1.89216	-0.941176	-35	1	-1.93137	-1.01961	-112	1
1.87379	-0.941748	-35	1	-1.91262	-1.01942	-112	1
1.90099	-0.940594	-39	1	-1.9505	-1.0099	-115	1
1.88235	-0.931373	-41	1	-1.92157	-1.01961	-112	1
1.87255	-0.95098	-43	1	-1.92157	-1.02941	-111	1
1.83333	-0.970588	-48	1	-1.90196	-1.05882	-116	1
1.80392	-1	-52	1	-1.87255	-1.07843	-122	1
1.78218	-1.0495	-58	1	-1.86139	-1.08911	-129	1
1.70297	-1.09901	-74	1	-1.80198	-1.13861	-141	1
1.60784	-1.10784	-93	1	-1.72549	-1.11765	-157	1
1.52885	-1.11538	-107	1	-1.61538	-1.125	-169	1
1.41346	-1.13462	-125	1	-1.51923	-1.16346	-186	1
1.33981	-1.15534	-137	1	-1.43689	-1.17476	-196	1
1.27451	-1.16667	-147	1	-1.37255	-1.19608	-205	1
1.16505	-1.17476	-160	1	-1.24272	-1.17476	-215	1
1.09709	-1.16505	-170	1	-1.16505	-1.16505	-220	1
1.02941	-1.17647	-175	1	-1.11765	-1.16667	-222	1
0.941176	-1.18627	-178	1	-1.0098	-1.18627	-222	1
0.891089	-1.17822	-175	1	-0.950495	-1.19802	-220	1
0.831683	-1.13861	-172	1	-0.871287	-1.17822	-213	1
0.77451	-1.10784	-167	1	-0.803922	-1.15686	-207	1
0.72549	-1.08824	-165	1	-0.764706	-1.14706	-202	1
0.686275	-1.06863	-158	1	-0.705882	-1.13725	-195	1
0.676471	-1.05882	-155	1	-0.666667	-1.11765	-190	1
0.656863	-1.05882	-153	1	-0.637255	-1.11765	-186	1
0.656863	-1.03922	-151	1	-0.627451	-1.09804	-182	1
0.633663	-1.09901	-148	1	-0.623762	-1.09901	-180	1
0.643564	-1.06931	-148	1	-0.613861	-1.08911	-177	1
0.65	-1.07	-148	1	-0.63	-1.1	-174	1
0.666667	-1.08081	-148	1	-0.636364	-1.11111	-173	1
0.676768	-1.09091	-147	1	-0.616162	-1.12121	-170	1
0.686869	-1.09091	-146	1	-0.626263	-1.13131	-168	1
0.686869	-1.10101	-146	1	-0.626263	-1.13131	-167	1
0.69697	-1.10101	-147	1	-0.626263	-1.13131	-167	1
2.0396	-0.940594	-27	1	-2.10891	-1.09901	-134	1
2.0297	-0.940594	-31	1	-2.08911	-1.09901	-136	1
2	-0.970297	-31	1	-2.07921	-1.11881	-137	1
1.9802	-1	-33	1	-2.05941	-1.14851	-141	1
1.9604	-1.0198	-36	1	-2.0495	-1.15842	-143	1
1.89216	-1.05882	-43	1	-2	-1.17647	-144	1
1.87129	-1.08911	-50	1	-1.92079	-1.09901	-145	1
1.83168	-1.11881	-53	1	-1.90099	-1.11881	-151	1
1.74257	-1.09901	-62	1	-1.80198	-1.10891	-153	1
1.69	-1.14	-65	1	-1.74	-1.12	-153	1
1.59	-1.12	-72	1	-1.63	-1.14	-153	1
1.49	-1.11	-75	1	-1.55	-1.14	-150	1
1.43	-1.1	-82	1	-1.46	-1.12	-147	1
1.35	-1.1	-89	1	-1.36	-1.11	-150	1
1.26733	-1.10891	-92	1	-1.27723	-1.12871	-149	1
1.20792	-1.09901	-98	1	-1.19802	-1.11881	-151	1
1.13725	-1.08824	-100	1	-1.12745	-1.11765	-150	1
1.08824	-1.09804	-100	1	-1.09804	-1.12745	-150	1
1.07	-1.08	-99	1	-1.07	-1.14	-151	1
1.03	-1.08	-102	1	-1.04	-1.13	-153	1
1.0202	-1.07071	-99	1	-1.0202	-1.13131	-152	1
0.979798	-1.08081	-99	1	-0.989899	-1.13131	-150	1
0.969697	-1.07071	-101	1	-0.969697	-1.11111	-150	1
0.959596	-1.08081	-102	1	-0.949495	-1.13131	-152	1
0.94	-1.07	-101	1	-0.93	-1.14	-153	1
0.930693	-1.06931	-100	1	-0.910891	-1.10891	-150	1
0.920792	-1.07921	-100	1	-0.891089	-1.11881	-150	1
0.910891	-1.06931	-102	1	-0.891089	-1.10891	-149	1
0.92	-1.08	-104	1	-0.88	-1.13	-148	1
0.9	-1.08	-103	1	-0.87	-1.12	-147	1
0.881188	-1.07921	-102	1	-0.841584	-1.12871	-147	1
0.84	-1.1	-106	1	-0.84	-1.11	-150	1
0.848485	-1.09091	-106	1	-0.828283	-1.12121	-152	1
0.848485	-1.12121	-109	1	-0.808081	-1.12121	-152	1
0.84	-1.08	-106	1	-0.8	-1.11	-152	1
0.838384	-1.11111	-111	1	-0.79798	-1.11111	-153	1
0.83	-1.07	-110	1	-0.8	-1.1	-154	1
0.828283	-1.10101	-113	1	-0.808081	-1.11111	-154	1
0.84	-1.08	-108	1	-0.79	-1.12	-150	1
0.838384	-1.11111	-111	1	-0.79798	-1.11111	-151	1
2.11765	-0.784314	-69	1	-2.03922	-1.20588	-163	1
2.05825	-0.834951	-72	1	-1.93204	-1.12621	-157	1
2.0495	-0.891089	-78	1	-1.93069	-1.16832	-162	1
2	-0.950495	-81	1	-1.86139	-1.14851	-158	1
1.95098	-0.980392	-84	1	-1.79412	-1.13725	-158	1
1.87255	-1.02941	-88	1	-1.7451	-1.14706	-163	1
1.81373	-1.03922	-92	1	-1.69608	-1.13725	-167	1
1.8	-1.08	-92	1	-1.68	-1.16	-168	1
1.73	-1.12	-92	1	-1.61	-1.18	-167	1
1.66	-1.12	-96	1	-1.54	-1.2	-167	1
1.5098	-1.04902	-91	1	-1.44118	-1.19608	-162	1
1.44554	-1.0198	-89	1	-1.39604	-1.19802	-158	1
1.42	-1.08	-96	1	-1.35	-1.2	-157	1
1.32353	-1.02941	-95	1	-1.2549	-1.18627	-154	1
1.27723	-1.0198	-91	1	-1.21782	-1.19802	-150	1
1.23762	-1.0297	-90	1	-1.16832	-1.21782	-147	1
1.18627	-1	-93	1	-1.10784	-1.19608	-143	1
1.15842	-1.0099	-94	1	-1.06931	-1.20792	-140	1
1.13	-1.02	-94	1	-1.04	-1.22	-137	1
1.06863	-1.04902	-100	1	-0.990196	-1.17647	-132	1
1.03922	-1.01961	-100	1	-0.95098	-1.16667	-131	1
1.0098	-1.07843	-102	1	-0.921569	-1.17647	-130	1
1	-1.0396	-100	1	-0.891089	-1.16832	-126	1
0.960784	-1.05882	-104	1	-0.862745	-1.14706	-127	1
0.950495	-1.08911	-103	1	-0.871287	-1.14851	-126	1
0.931373	-1.02941	-94	1	-0.862745	-1.15686	-124	1
0.912621	-1.03883	-95	1	-0.84466	-1.14563	-123	1
0.902913	-1.06796	-95	1	-0.834951	-1.13592	-123	1
0.902913	-1.00971	-89	1	-0.815534	-1.13592	-122	1
0.901961	-1.03922	-90	1	-0.813725	-1.13725	-119	1
0.875	-1.05769	-92	1	-0.788462	-1.11538	-118	1
0.883495	-1.07767	-93	1	-0.786408	-1.1165	-118	1
0.883495	-1.08738	-93	1	-0.776699	-1.1165	-118	1
0.892157	-1.09804	-94	1	-0.77451	-1.11765	-119	1
0.891089	-1.12871	-94	1	-0.782178	-1.13861	-118	1
0.882353	-1.11765	-95	1	-0.77451	-1.12745	-118	1
0.891089	-1.10891	-98	1	-0.762376	-1.10891	-120	1
0.881188	-1.10891	-99	1	-0.752475	-1.09901	-119	1
0.862745	-1.09804	-98	1	-0.735294	-1.09804	-120	1
0.852941	-1.08824	-97	1	-0.72549	-1.08824	-118	1
2	-0.640777	-31	1	-2.01942	-0.980583	-116	1
2.00971	-0.640777	-31	1	-2.01942	-0.980583	-118	1
2.01942	-0.621359	-30	1	-2.01942	-0.970874	-118	1
2.02913	-0.631068	-32	1	-2.01942	-0.970874	-120	1
2.03884	-0.640777	-32	1	-2.00971	-0.970874	-122	1
2.01923	-0.644231	-29	1	-2	-0.971154	-117	1
2.01942	-0.669903	-32	1	-2.00971	-0.990291	-116	1
2.01961	-0.696078	-31	1	-2.0098	-1.01961	-114	1
1.98058	-0.708738	-34	1	-1.96117	-1.02913	-116	1
1.88462	-0.778846	-39	1	-1.88462	-1.04808	-117	1
1.81731	-0.846154	-39	1	-1.81731	-1.09615	-118	1
1.74038	-0.903846	-44	1	-1.72115	-1.05769	-121	1
1.66667	-0.970588	-50	1	-1.62745	-1.06863	-117	1
1.56311	-1.01942	-56	1	-1.48544	-1.02913	-108	1
1.5098	-1.06863	-60	1	-1.42157	-1.03922	-105	1
1.39806	-1.07767	-62	1	-1.32039	-1.03883	-99	1
1.30769	-1.07692	-62	1	-1.23077	-1.02885	-95	1
1.23077	-0.990385	-53	1	-1.16346	-1.02885	-93	1
1.16346	-1	-54	1	-1.08654	-1.01923	-86	1
1.11538	-1.03846	-55	1	-1.02885	-1.01923	-85	1
1.03846	-1.05769	-52	1	-0.990385	-1.00962	-81	1
1	-1.07767	-49	1	-0.970874	-1.02913	-80	1
0.961538	-1.05769	-49	1	-0.942308	-1	-79	1
0.932692	-1.06731	-47	1	-0.903846	-1.03846	-82	1
0.932039	-1.06796	-49	1	-0.902913	-1.01942	-80	1
0.92233	-1.05825	-50	1	-0.912621	-1.00971	-78	1
0.913462	-1.06731	-50	1	-0.903846	-1	-78	1
0.923077	-1.06731	-50	1	-0.913462	-1	-78	1
0.932692	-1.07692	-51	1	-0.903846	-1	-78	1
0.941748	-1.07767	-53	1	-0.912621	-1	-80	1
0.941748	-1.07767	-54	1	-0.912621	-1	-80	1
0.932692	-1.06731	-55	1	-0.903846	-0.980769	-79	1
0.941748	-1.08738	-55	1	-0.912621	-0.990291	-78	1
0.932692	-1.07692	-54	1	-0.903846	-0.990385	-77	1
0.941748	-1.09709	-54	1	-0.912621	-1	-76	1
0.932692	-1.09615	-54	1	-0.903846	-1.00962	-77	1
0.932692	-1.09615	-53	1	-0.903846	-1	-77	1
0.92381	-1.08571	-56	1	-0.895238	-0.990476	-78	1
0.915094	-1.07547	-58	1	-0.886792	-0.981132	-79	1
0.92381	-1.07619	-62	1	-0.885714	-0.980952	-81	1
1.71053	-0.72807	-74	1	-1.76316	-0.631579	52	1
1.71053	-0.72807	-74	1	-1.76316	-0.622807	50	1
1.71053	-0.72807	-75	1	-1.75439	-0.614035	51	1
1.70175	-0.72807	-74	1	-1.74561	-0.614035	52	1
1.7193	-0.72807	-74	1	-1.73684	-0.614035	54	1
1.7193	-0.736842	-75	1	-1.73684	-0.614035	51	1
1.70435	-0.730435	-77	1	-1.72174	-0.608696	50	1
1.70435	-0.730435	-77	1	-1.73043	-0.626087	47	1
1.7193	-0.72807	-76	1	-1.74561	-0.640351	49	1
1.67826	-0.73913	-77	1	-1.73913	-0.66087	46	1
1.67544	-0.745614	-76	1	-1.72807	-0.675439	43	1
1.62609	-0.747826	-77	1	-1.69565	-0.669565	42	1
1.60526	-0.780702	-76	1	-1.65789	-0.684211	41	1
1.54783	-0.791304	-76	1	-1.6	-0.695652	32	1
1.47826	-0.826087	-80	1	-1.53913	-0.730435	19	1
1.41739	-0.843478	-85	1	-1.49565	-0.756522	11	1
1.37391	-0.86087	-90	1	-1.44348	-0.782609	5	1
1.30435	-0.895652	-99	1	-1.3913	-0.791304	-5	1
1.25217	-0.921739	-107	1	-1.34783	-0.817391	-16	1
1.2	-0.930435	-113	1	-1.31304	-0.834783	-27	1
1.13043	-0.947826	-122	1	-1.26087	-0.852174	-38	1
1.07895	-0.973684	-128	1	-1.2193	-0.877193	-48	1
0.991304	-0.982609	-133	1	-1.14783	-0.895652	-60	1
0.929825	-1	-134	1	-1.09649	-0.921053	-67	1
0.868421	-0.929825	-131	1	-1.04386	-0.929825	-71	1
0.807018	-0.947368	-132	1	-0.982456	-0.947368	-74	1
0.769912	-0.911504	-132	1	-0.938053	-0.973451	-77	1
0.725664	-0.946903	-136	1	-0.893805	-0.99115	-79	1
0.672566	-0.902655	-135	1	-0.849558	-1	-86	1
0.625	-0.946429	-137	1	-0.794643	-1.00893	-94	1
0.598214	-0.901786	-136	1	-0.767857	-1.00893	-97	1
0.553571	-0.919643	-139	1	-0.714286	-1	-103	1
0.491071	-0.973214	-138	1	-0.660714	-0.991071	-105	1
0.473214	-0.910714	-136	1	-0.607143	-0.973214	-105	1
0.4375	-0.928571	-135	1	-0.571429	-0.964286	-107	1
0.415929	-0.955752	-129	1	-0.530973	-0.964602	-102	1
0.40708	-0.982301	-125	1	-0.513274	-0.964602	-102	1
0.419643	-0.991071	-126	1	-0.5	-0.973214	-106	1
0.410714	-0.991071	-124	1	-0.5	-0.973214	-104	1
0.401786	-1.00893	-121	1	-0.491071	-0.973214	-102	1
1.83929	-0.741071	-99	1	-1.83929	-0.660714	-17	1
1.84071	-0.752212	-98	1	-1.81416	-0.663717	-18	1
1.85714	-0.75	-97	1	-1.82143	-0.651786	-13	1
1.85714	-0.758929	-98	1	-1.82143	-0.651786	-15	1
1.84071	-0.752212	-97	1	-1.82301	-0.654867	-10	1
1.83186	-0.743363	-98	1	-1.83186	-0.672566	-8	1
1.84821	-0.732143	-100	1	-1.85714	-0.669643	-8	1
1.84821	-0.741071	-103	1	-1.84821	-0.669643	-12	1
1.84821	-0.767857	-106	1	-1.83929	-0.669643	-15	1
1.84821	-0.776786	-111	1	-1.83036	-0.669643	-18	1
1.82301	-0.778761	-117	1	-1.79646	-0.672566	-20	1
1.78761	-0.787611	-120	1	-1.78761	-0.681416	-23	1
1.76991	-0.79646	-120	1	-1.76106	-0.681416	-26	1
1.73451	-0.79646	-119	1	-1.72566	-0.690265	-32	1
1.68142	-0.823009	-119	1	-1.67257	-0.707965	-39	1
1.63717	-0.831858	-121	1	-1.62832	-0.725664	-45	1
1.56637	-0.849558	-128	1	-1.54867	-0.734513	-54	1
1.51327	-0.867257	-135	1	-1.48673	-0.752212	-62	1
1.45133	-0.876106	-138	1	-1.43363	-0.769912	-70	1
1.36283	-0.902655	-146	1	-1.37168	-0.80531	-77	1
1.27434	-0.920354	-150	1	-1.30973	-0.840708	-82	1
1.22124	-0.929204	-152	1	-1.23894	-0.858407	-86	1
1.14286	-0.955357	-154	1	-1.17857	-0.866071	-93	1
1.08929	-0.973214	-159	1	-1.11607	-0.866071	-101	1
1.01786	-1	-155	1	-1.05357	-0.892857	-108	1
0.955357	-1	-156	1	-1.00893	-0.892857	-114	1
0.910714	-1.00893	-155	1	-0.973214	-0.910714	-117	1
0.830357	-1.00893	-152	1	-0.910714	-0.928571	-115	1
0.776786	-1	-149	1	-0.857143	-0.9375	-116	1
0.6875	-1.00893	-143	1	-0.803571	-0.928571	-115	1
0.642857	-1.00893	-139	1	-0.75	-0.928571	-115	1
0.598214	-1.00893	-137	1	-0.696429	-0.928571	-113	1
0.548673	-1	-134	1	-0.654867	-0.920354	-113	1
0.508929	-1	-132	1	-0.616071	-0.928571	-112	1
0.473214	-1	-129	1	-0.598214	-0.9375	-111	1
0.455357	-1.01786	-130	1	-0.580357	-0.946429	-110	1
0.442478	-1.00885	-129	1	-0.566372	-0.938053	-109	1
0.442478	-1.0177	-130	1	-0.566372	-0.938053	-109	1
0.446429	-1.02679	-130	1	-0.571429	-0.946429	-110	1
0.446429	-1.02679	-130	1	-0.5625	-0.946429	-110	1
1.88393	-0.785714	-94	1	-1.90179	-0.75	-53	1
1.875	-0.785714	-95	1	-1.89286	-0.75	-52	1
1.875	-0.776786	-96	1	-1.89286	-0.75	-55	1
1.85714	-0.776786	-95	1	-1.90179	-0.75	-53	1
1.86607	-0.776786	-95	1	-1.90179	-0.741071	-53	1
1.85714	-0.776786	-94	1	-1.90179	-0.741071	-52	1
1.86607	-0.776786	-93	1	-1.90179	-0.741071	-55	1
1.88288	-0.783784	-92	1	-1.92793	-0.747748	-52	1
1.875	-0.776786	-94	1	-1.91071	-0.741071	-54	1
1.875	-0.776786	-96	1	-1.90179	-0.75	-55	1
1.83186	-0.787611	-97	1	-1.87611	-0.743363	-55	1
1.82143	-0.803571	-100	1	-1.88393	-0.767857	-56	1
1.75221	-0.814159	-100	1	-1.83186	-0.787611	-55	1
1.69912	-0.831858	-100	1	-1.77876	-0.787611	-55	1
1.67257	-0.849558	-102	1	-1.74336	-0.79646	-60	1
1.61947	-0.867257	-99	1	-1.69027	-0.80531	-62	1
1.55752	-0.884956	-99	1	-1.63717	-0.814159	-67	1
1.47368	-0.877193	-96	1	-1.5614	-0.815789	-69	1
1.40351	-0.912281	-96	1	-1.49123	-0.842105	-73	1
1.35398	-0.929204	-99	1	-1.42478	-0.858407	-75	1
1.23684	-0.938596	-104	1	-1.34211	-0.877193	-74	1
1.19469	-0.946903	-108	1	-1.28319	-0.884956	-75	1
1.12389	-0.973451	-107	1	-1.23009	-0.893805	-80	1
1.0614	-0.991228	-112	1	-1.14912	-0.903509	-88	1
1.00885	-1.00885	-117	1	-1.11504	-0.929204	-95	1
0.946903	-1.00885	-122	1	-1.0531	-0.938053	-102	1
0.893805	-1.0177	-124	1	-1.02655	-0.938053	-103	1
0.875	-1.01786	-125	1	-0.982143	-0.946429	-102	1
0.824561	-1.00877	-125	1	-0.929825	-0.938596	-100	1
0.787611	-1.00885	-126	1	-0.893805	-0.946903	-99	1
0.741071	-1.00893	-124	1	-0.866071	-0.9375	-95	1
0.699115	-1	-122	1	-0.823009	-0.929204	-96	1
0.663717	-1.00885	-121	1	-0.79646	-0.920354	-95	1
0.633929	-1.01786	-123	1	-0.776786	-0.928571	-93	1
0.59292	-1	-122	1	-0.734513	-0.920354	-96	1
0.566372	-1	-122	1	-0.707965	-0.920354	-99	1
0.530973	-0.99115	-121	1	-0.681416	-0.920354	-98	1
0.504425	-0.982301	-124	1	-0.654867	-0.920354	-101	1
0.486726	-0.99115	-125	1	-0.628319	-0.911504	-100	1
0.469027	-0.99115	-126	1	-0.610619	-0.911504	-101	1
1.80357	-0.875	-130	1	-1.89286	-0.830357	-101	1
1.78571	-0.883929	-131	1	-1.875	-0.821429	-99	1
1.79464	-0.883929	-132	1	-1.86607	-0.821429	-99	1
1.79464	-0.883929	-131	1	-1.875	-0.821429	-100	1
1.79464	-0.875	-131	1	-1.875	-0.821429	-101	1
1.76991	-0.876106	-132	1	-1.84956	-0.80531	-101	1
1.75221	-0.876106	-134	1	-1.83186	-0.80531	-102	1
1.73451	-0.867257	-136	1	-1.82301	-0.80531	-102	1
1.71429	-0.883929	-135	1	-1.8125	-0.830357	-102	1
1.67857	-0.883929	-135	1	-1.78571	-0.830357	-99	1
1.65179	-0.883929	-133	1	-1.74107	-0.821429	-101	1
1.59821	-0.910714	-133	1	-1.6875	-0.848214	-107	1
1.53571	-0.928571	-131	1	-1.65179	-0.866071	-112	1
1.45133	-0.929204	-132	1	-1.56637	-0.867257	-113	1
1.41071	-0.964286	-136	1	-1.52679	-0.883929	-114	1
1.34821	-0.982143	-139	1	-1.4375	-0.883929	-110	1
1.28319	-1	-142	1	-1.36283	-0.884956	-106	1
1.22124	-1	-146	1	-1.30973	-0.911504	-108	1
1.16814	-1.0177	-145	1	-1.27434	-0.929204	-112	1
1.08929	-0.928571	-136	1	-1.24107	-0.9375	-115	1
1.03571	-0.946429	-138	1	-1.1875	-0.946429	-116	1
0.99115	-0.99115	-139	1	-1.14159	-0.946903	-118	1
0.929204	-0.920354	-133	1	-1.0885	-0.946903	-120	1
0.901786	-0.946429	-137	1	-1.04464	-0.946429	-123	1
0.875	-0.901786	-133	1	-0.991071	-0.946429	-120	1
0.831858	-0.929204	-132	1	-0.929204	-0.938053	-117	1
0.79646	-0.884956	-129	1	-0.893805	-0.938053	-112	1
0.761062	-0.929204	-129	1	-0.849558	-0.938053	-110	1
0.725664	-0.982301	-126	1	-0.814159	-0.938053	-107	1
0.705357	-0.910714	-121	1	-0.794643	-0.9375	-105	1
0.669643	-0.9375	-119	1	-0.75	-0.919643	-101	1
0.637168	-0.964602	-117	1	-0.725664	-0.929204	-101	1
0.630631	-0.990991	-114	1	-0.711712	-0.936937	-100	1
0.598214	-0.982143	-114	1	-0.6875	-0.9375	-99	1
0.5625	-0.991071	-113	1	-0.678571	-0.9375	-99	1
0.544643	-1	-115	1	-0.669643	-0.9375	-98	1
0.535714	-1.00893	-117	1	-0.651786	-0.919643	-98	1
0.535714	-1.00893	-119	1	-0.642857	-0.919643	-99	1
0.526786	-1.01786	-120	1	-0.642857	-0.910714	-99	1
0.535714	-1.00893	-116	1	-0.633929	-0.910714	-97	1